0000000000000000000000000000000000000000000000000111111000000000000000000000000
0000000000000000000000110000000000000000011111111110000000000000000000000000000
0000000000000000000001110000000000000001111000000000000000000000000000000000000
0000000000000000000111100000000000000001111000000000000111111100000000000000000
0000000000000000001111000000000000000001111111111111111111111111000000000000000
0000000000000000001110000000000000111111111111111111111111111111111100000000000
0000000000000000000111111000011111111111111111111111111111111111111111111000000
0000000000000000000001111111101111111111111111111111111111111111111111111100000
0000000000000000000000111111111111111111111111111111111111111111111111111000000
0000000000000000000011111111111111111111111111111111111111111111111110000000000
0000000011111111111111111111111111111111111111111111111111111111111110000000000
0000011111000001111111111111111111111111111111111111111111111111111110000000001
1111111000000000011111111111111111111111111111111111111111111111111111111001111
1110000000000000001111111111111111111111111111111111111111111111111111111111100
0000000000000000001111111111111111111111111111111111111111111111100000000000000
0000000000000000000111111111111111111111111111111111111111111110000000000000000
0000000000000000000011111111111111111111111111111111111111111111100000000000000
0000000000000000000000111111111111111111111111111111111110000111111000000000000
0000000000000000000000000001111111111111111111111111100000000000111100000000000
0000000000000000000000000000000000000111111111000000000000000001111000000000000
0000000000000000000000000000000000000000001111000000000000000001110000000000000
0000000000000000000000000000000000000000111111000000000000000111100000000000000
0000000000000000000000000000000111111111111100000000000000000010000000000000000
